34.113124 10.851756 23.528654 1.000000 0.600000 0.300000 0.010000 0.010000 0.010000 0.583751 0.604424 0.368702 0.583751 0.604424 0.368702
41.934357 32.242664 -19.742060 1.000000 0.600000 0.300000 0.010000 0.010000 0.010000 0.364962 0.727324 0.514410 0.364962 0.727324 0.514410
-31.235719 29.875335 -12.308431 1.000000 0.600000 0.300000 0.010000 0.010000 0.010000 0.967201 0.638741 0.479160 0.967201 0.638741 0.479160
-32.203125 16.079896 27.788248 1.000000 0.600000 0.300000 0.010000 0.010000 0.010000 0.741747 0.481856 0.415547 0.741747 0.481856 0.415547
34.328607 39.716963 -23.315328 1.000000 0.600000 0.300000 0.010000 0.010000 0.010000 0.410203 0.547550 0.325824 0.410203 0.547550 0.325824
-22.185615 17.594727 -2.721355 1.000000 0.600000 0.300000 0.010000 0.010000 0.010000 0.574757 0.276343 0.134537 0.574757 0.276343 0.134537
0.136577 29.773596 0.065231 1.000000 0.600000 0.300000 0.010000 0.010000 0.010000 0.473320 0.591902 0.775453 0.473320 0.591902 0.775453
43.084658 35.129604 -20.463254 1.000000 0.600000 0.300000 0.010000 0.010000 0.010000 0.708614 0.097838 0.185371 0.708614 0.097838 0.185371
47.994037 2.510071 26.837522 1.000000 0.600000 0.300000 0.010000 0.010000 0.010000 0.234901 0.125271 0.532676 0.234901 0.125271 0.532676
14.453037 27.508646 17.327037 1.000000 0.600000 0.300000 0.010000 0.010000 0.010000 0.571890 0.474988 0.571554 0.571890 0.474988 0.571554
11.068982 32.260112 -12.863284 1.000000 0.600000 0.300000 0.010000 0.010000 0.010000 0.905661 0.486129 0.269989 0.905661 0.486129 0.269989
37.639413 34.324897 -0.503328 1.000000 0.600000 0.300000 0.010000 0.010000 0.010000 0.122578 0.072439 0.264089 0.122578 0.072439 0.264089
34.346783 2.194617 -14.967594 1.000000 0.600000 0.300000 0.010000 0.010000 0.010000 0.410646 0.308837 0.570049 0.410646 0.308837 0.570049
6.484160 4.404530 1.855502 1.000000 0.600000 0.300000 0.010000 0.010000 0.010000 0.305710 0.346942 0.396863 0.305710 0.346942 0.396863
-27.336725 19.801754 21.873750 1.000000 0.600000 0.300000 0.010000 0.010000 0.010000 0.587682 0.359107 0.466408 0.587682 0.359107 0.466408
-29.152674 29.273775 25.367636 1.000000 0.600000 0.300000 0.010000 0.010000 0.010000 0.993973 0.396137 0.754051 0.993973 0.396137 0.754051
-2.543540 1.707230 -12.529626 1.000000 0.600000 0.300000 0.010000 0.010000 0.010000 0.820709 0.417178 0.301300 0.820709 0.417178 0.301300
0.809074 28.881466 -13.495384 1.000000 0.600000 0.300000 0.010000 0.010000 0.010000 0.709374 0.153374 0.935791 0.709374 0.153374 0.935791
21.308915 19.754341 25.012234 1.000000 0.600000 0.300000 0.010000 0.010000 0.010000 0.167766 0.236232 0.747415 0.167766 0.236232 0.747415
28.410708 9.997460 15.540556 1.000000 0.600000 0.300000 0.010000 0.010000 0.010000 0.152320 0.185690 0.151658 0.152320 0.185690 0.151658
24.009816 33.614196 8.717562 1.000000 0.600000 0.300000 0.010000 0.010000 0.010000 0.542844 0.276105 0.199116 0.542844 0.276105 0.199116
29.171064 37.426207 -2.382858 1.000000 0.600000 0.300000 0.010000 0.010000 0.010000 0.431675 0.819942 0.082131 0.431675 0.819942 0.082131
-33.549420 11.157785 -6.351305 1.000000 0.600000 0.300000 0.010000 0.010000 0.010000 0.999852 0.953168 0.440393 0.999852 0.953168 0.440393
33.190847 18.739076 -24.722947 1.000000 0.600000 0.300000 0.010000 0.010000 0.010000 0.378971 0.350197 0.278160 0.378971 0.350197 0.278160
-27.167788 13.846989 -3.949440 1.000000 0.600000 0.300000 0.010000 0.010000 0.010000 0.918205 0.848345 0.965144 0.918205 0.848345 0.965144
-24.457971 6.188551 -0.000797 1.000000 0.600000 0.300000 0.010000 0.010000 0.010000 0.131216 0.232804 0.227179 0.131216 0.232804 0.227179
1.500071 39.011347 26.774586 1.000000 0.600000 0.300000 0.010000 0.010000 0.010000 0.930375 0.638035 0.363480 0.930375 0.638035 0.363480
7.780973 17.664845 14.093807 1.000000 0.600000 0.300000 0.010000 0.010000 0.010000 0.583548 0.997880 0.592582 0.583548 0.997880 0.592582
27.936728 7.706277 -22.369377 1.000000 0.600000 0.300000 0.010000 0.010000 0.010000 0.839680 0.763065 0.848754 0.839680 0.763065 0.848754
42.295278 22.035062 -11.027957 1.000000 0.600000 0.300000 0.010000 0.010000 0.010000 0.734408 0.388779 0.106394 0.734408 0.388779 0.106394
-40.617600 4.423603 18.514776 1.000000 0.600000 0.300000 0.010000 0.010000 0.010000 0.231702 0.171373 0.615717 0.231702 0.171373 0.615717
-20.708589 7.579033 -11.152574 1.000000 0.600000 0.300000 0.010000 0.010000 0.010000 0.870882 0.258846 0.586688 0.870882 0.258846 0.586688
31.851202 39.162674 -10.969441 1.000000 0.600000 0.300000 0.010000 0.010000 0.010000 0.816948 0.423425 0.427536 0.816948 0.423425 0.427536
-2.602954 19.473823 -5.950731 1.000000 0.600000 0.300000 0.010000 0.010000 0.010000 0.947723 0.940720 0.748758 0.947723 0.940720 0.748758
37.982557 4.566208 15.272615 1.000000 0.600000 0.300000 0.010000 0.010000 0.010000 0.629353 0.896632 0.179728 0.629353 0.896632 0.179728
49.244285 10.714096 1.741050 1.000000 0.600000 0.300000 0.010000 0.010000 0.010000 0.429865 0.242986 0.231824 0.429865 0.242986 0.231824
8.570666 22.220758 12.522187 1.000000 0.600000 0.300000 0.010000 0.010000 0.010000 0.247604 0.444386 0.936771 0.247604 0.444386 0.936771
21.599431 11.793203 -11.869428 1.000000 0.600000 0.300000 0.010000 0.010000 0.010000 0.371398 0.903739 0.550383 0.371398 0.903739 0.550383
-12.908249 39.313082 -18.557324 1.000000 0.600000 0.300000 0.010000 0.010000 0.010000 0.212186 0.586518 0.513121 0.212186 0.586518 0.513121
34.935974 34.320103 -28.249581 1.000000 0.600000 0.300000 0.010000 0.010000 0.010000 0.162206 0.103678 0.202952 0.162206 0.103678 0.202952
23.262583 12.535783 -28.107512 1.000000 0.600000 0.300000 0.010000 0.010000 0.010000 0.110947 0.762896 0.656044 0.110947 0.762896 0.656044
-12.595614 24.653255 -5.077214 1.000000 0.600000 0.300000 0.010000 0.010000 0.010000 0.704498 0.849134 0.486691 0.704498 0.849134 0.486691
-6.966041 25.841107 -1.308026 1.000000 0.600000 0.300000 0.010000 0.010000 0.010000 0.215954 0.751306 0.447756 0.215954 0.751306 0.447756
1.458571 17.747987 -9.297066 1.000000 0.600000 0.300000 0.010000 0.010000 0.010000 0.907890 0.600474 0.483722 0.907890 0.600474 0.483722
44.853120 21.911253 -9.092411 1.000000 0.600000 0.300000 0.010000 0.010000 0.010000 0.254980 0.093720 0.050323 0.254980 0.093720 0.050323
35.796163 24.553626 -23.894943 1.000000 0.600000 0.300000 0.010000 0.010000 0.010000 0.440473 0.716906 0.061544 0.440473 0.716906 0.061544
27.240283 15.511211 2.007637 1.000000 0.600000 0.300000 0.010000 0.010000 0.010000 0.606758 0.152957 0.885869 0.606758 0.152957 0.885869
47.410706 20.276001 -10.822925 1.000000 0.600000 0.300000 0.010000 0.010000 0.010000 0.913466 0.194287 0.397603 0.913466 0.194287 0.397603
22.556599 1.629112 9.728881 1.000000 0.600000 0.300000 0.010000 0.010000 0.010000 0.329150 0.323619 0.947761 0.329150 0.323619 0.947761
-30.727299 36.547166 -22.202871 1.000000 0.600000 0.300000 0.010000 0.010000 0.010000 0.656997 0.769488 0.262635 0.656997 0.769488 0.262635
-18.637486 17.913787 10.305882 1.000000 0.600000 0.300000 0.010000 0.010000 0.010000 0.898525 0.913373 0.279676 0.898525 0.913373 0.279676
10.393180 6.544998 -2.502700 1.000000 0.600000 0.300000 0.010000 0.010000 0.010000 0.598456 0.291240 0.348119 0.598456 0.291240 0.348119
-7.447711 18.297384 -20.885108 1.000000 0.600000 0.300000 0.010000 0.010000 0.010000 0.541667 0.708244 0.606151 0.541667 0.708244 0.606151
-29.285485 26.063045 15.315774 1.000000 0.600000 0.300000 0.010000 0.010000 0.010000 0.507859 0.274740 0.476423 0.507859 0.274740 0.476423
-7.350766 17.313678 11.842184 1.000000 0.600000 0.300000 0.010000 0.010000 0.010000 0.339468 0.154156 0.878516 0.339468 0.154156 0.878516
38.281981 13.877654 8.898265 1.000000 0.600000 0.300000 0.010000 0.010000 0.010000 0.921271 0.300749 0.597999 0.921271 0.300749 0.597999
24.146594 22.178534 -13.918847 1.000000 0.600000 0.300000 0.010000 0.010000 0.010000 0.080956 0.871765 0.894623 0.080956 0.871765 0.894623
45.985085 29.270663 -15.603316 1.000000 0.600000 0.300000 0.010000 0.010000 0.010000 0.477357 0.888948 0.878802 0.477357 0.888948 0.878802
-36.780805 37.643332 -29.432158 1.000000 0.600000 0.300000 0.010000 0.010000 0.010000 0.238956 0.597791 0.586018 0.238956 0.597791 0.586018
31.285172 10.345241 14.424407 1.000000 0.600000 0.300000 0.010000 0.010000 0.010000 0.186376 0.422455 0.303410 0.186376 0.422455 0.303410
-22.066823 6.562837 -6.890882 1.000000 0.600000 0.300000 0.010000 0.010000 0.010000 0.999512 0.718349 0.644864 0.999512 0.718349 0.644864
-27.273640 7.563664 17.061015 1.000000 0.600000 0.300000 0.010000 0.010000 0.010000 0.097436 0.280238 0.395331 0.097436 0.280238 0.395331
-45.795550 24.618346 20.669066 1.000000 0.600000 0.300000 0.010000 0.010000 0.010000 0.744733 0.420626 0.349253 0.744733 0.420626 0.349253
12.719358 36.427396 2.536588 1.000000 0.600000 0.300000 0.010000 0.010000 0.010000 0.084684 0.441728 0.276202 0.084684 0.441728 0.276202
-26.727906 8.704770 -4.798322 1.000000 0.600000 0.300000 0.010000 0.010000 0.010000 0.368237 0.717033 0.762443 0.368237 0.717033 0.762443
11.977308 30.707422 22.068960 1.000000 0.600000 0.300000 0.010000 0.010000 0.010000 0.056706 0.866909 0.845487 0.056706 0.866909 0.845487
49.514876 9.039617 -12.065283 1.000000 0.600000 0.300000 0.010000 0.010000 0.010000 0.294487 0.442059 0.893474 0.294487 0.442059 0.893474
35.410001 8.975809 -21.604135 1.000000 0.600000 0.300000 0.010000 0.010000 0.010000 0.205474 0.440444 0.502644 0.205474 0.440444 0.502644
-47.564690 25.681974 -1.160315 1.000000 0.600000 0.300000 0.010000 0.010000 0.010000 0.655860 0.278114 0.093018 0.655860 0.278114 0.093018
2.175960 19.146309 -11.656454 1.000000 0.600000 0.300000 0.010000 0.010000 0.010000 0.959445 0.455903 0.458865 0.959445 0.455903 0.458865
43.147460 30.146529 -19.528134 1.000000 0.600000 0.300000 0.010000 0.010000 0.010000 0.510281 0.325407 0.314480 0.510281 0.325407 0.314480
-19.288736 25.867992 6.608402 1.000000 0.600000 0.300000 0.010000 0.010000 0.010000 0.752663 0.245537 0.847627 0.752663 0.245537 0.847627
1.881989 6.916459 -29.771180 1.000000 0.600000 0.300000 0.010000 0.010000 0.010000 0.168057 0.375487 0.283044 0.168057 0.375487 0.283044
-47.767052 29.507435 -8.409069 1.000000 0.600000 0.300000 0.010000 0.010000 0.010000 0.115324 0.381649 0.647057 0.115324 0.381649 0.647057
-3.848843 16.273262 -7.160053 1.000000 0.600000 0.300000 0.010000 0.010000 0.010000 0.321876 0.094201 0.716739 0.321876 0.094201 0.716739
14.713230 35.553399 -2.638755 1.000000 0.600000 0.300000 0.010000 0.010000 0.010000 0.138797 0.299623 0.789563 0.138797 0.299623 0.789563
-43.894029 17.070175 5.977041 1.000000 0.600000 0.300000 0.010000 0.010000 0.010000 0.462629 0.938312 0.803701 0.462629 0.938312 0.803701
35.574731 32.568726 6.263644 1.000000 0.600000 0.300000 0.010000 0.010000 0.010000 0.849892 0.888181 0.911250 0.849892 0.888181 0.911250
-42.237413 15.041094 -9.627114 1.000000 0.600000 0.300000 0.010000 0.010000 0.010000 0.932994 0.732044 0.412139 0.932994 0.732044 0.412139
12.617349 14.496694 -4.569000 1.000000 0.600000 0.300000 0.010000 0.010000 0.010000 0.093571 0.170142 0.958553 0.093571 0.170142 0.958553
19.401753 27.685096 -8.055771 1.000000 0.600000 0.300000 0.010000 0.010000 0.010000 0.521555 0.541823 0.488106 0.521555 0.541823 0.488106
6.089957 3.020499 -4.478078 1.000000 0.600000 0.300000 0.010000 0.010000 0.010000 0.563665 0.562218 0.161789 0.563665 0.562218 0.161789
-39.150770 5.144042 15.832665 1.000000 0.600000 0.300000 0.010000 0.010000 0.010000 0.801542 0.679838 0.656040 0.801542 0.679838 0.656040
44.956864 29.940558 -10.841265 1.000000 0.600000 0.300000 0.010000 0.010000 0.010000 0.609977 0.172766 0.477529 0.609977 0.172766 0.477529
8.944925 12.462764 -18.580810 1.000000 0.600000 0.300000 0.010000 0.010000 0.010000 0.488477 0.296586 0.854897 0.488477 0.296586 0.854897
20.637784 7.910801 -17.740709 1.000000 0.600000 0.300000 0.010000 0.010000 0.010000 0.192375 0.793283 0.789403 0.192375 0.793283 0.789403
27.487032 26.951063 10.321604 1.000000 0.600000 0.300000 0.010000 0.010000 0.010000 0.722933 0.823080 0.996883 0.722933 0.823080 0.996883
42.597749 24.472527 -8.749404 1.000000 0.600000 0.300000 0.010000 0.010000 0.010000 0.525031 0.824174 0.585307 0.525031 0.824174 0.585307
23.036166 21.812688 4.627256 1.000000 0.600000 0.300000 0.010000 0.010000 0.010000 0.292966 0.076343 0.156229 0.292966 0.076343 0.156229
-2.672764 11.893460 -17.966909 1.000000 0.600000 0.300000 0.010000 0.010000 0.010000 0.364475 0.499387 0.205087 0.364475 0.499387 0.205087
-4.600386 13.277473 -22.641302 1.000000 0.600000 0.300000 0.010000 0.010000 0.010000 0.149770 0.746452 0.348691 0.149770 0.746452 0.348691
-41.203573 13.158788 -26.941779 1.000000 0.600000 0.300000 0.010000 0.010000 0.010000 0.598021 0.551493 0.535499 0.598021 0.551493 0.535499
24.785409 36.221274 -19.095049 1.000000 0.600000 0.300000 0.010000 0.010000 0.010000 0.391419 0.911292 0.641110 0.391419 0.911292 0.641110
-14.797630 2.001426 5.963172 1.000000 0.600000 0.300000 0.010000 0.010000 0.010000 0.298834 0.701343 0.570669 0.298834 0.701343 0.570669
-38.348397 26.696453 -27.543755 1.000000 0.600000 0.300000 0.010000 0.010000 0.010000 0.305613 0.763933 0.177812 0.305613 0.763933 0.177812
12.251574 18.716325 21.354022 1.000000 0.600000 0.300000 0.010000 0.010000 0.010000 0.066057 0.435135 0.641326 0.066057 0.435135 0.641326
-30.934263 27.903821 -7.171040 1.000000 0.600000 0.300000 0.010000 0.010000 0.010000 0.485194 0.678465 0.719257 0.485194 0.678465 0.719257
-37.324821 16.844870 7.178377 1.000000 0.600000 0.300000 0.010000 0.010000 0.010000 0.739148 0.579383 0.440898 0.739148 0.579383 0.440898
28.529070 37.465098 -24.257352 1.000000 0.600000 0.300000 0.010000 0.010000 0.010000 0.798526 0.254280 0.472940 0.798526 0.254280 0.472940
-12.025281 19.999892 14.384813 1.000000 0.600000 0.300000 0.010000 0.010000 0.010000 0.667603 0.111413 0.122847 0.667603 0.111413 0.122847
26.040612 17.524509 27.059053 1.000000 0.600000 0.300000 0.010000 0.010000 0.010000 0.902388 0.875871 0.974858 0.902388 0.875871 0.974858
-20.351401 32.541574 29.677050 1.000000 0.600000 0.300000 0.010000 0.010000 0.010000 0.842139 0.877336 0.322283 0.842139 0.877336 0.322283
-8.155882 21.707063 -29.121083 1.000000 0.600000 0.300000 0.010000 0.010000 0.010000 0.426327 0.828752 0.824538 0.426327 0.828752 0.824538
19.348707 16.028180 6.439165 1.000000 0.600000 0.300000 0.010000 0.010000 0.010000 0.579050 0.279886 0.734231 0.579050 0.279886 0.734231
11.363655 13.213112 26.120627 1.000000 0.600000 0.300000 0.010000 0.010000 0.010000 0.888646 0.259104 0.859427 0.888646 0.259104 0.859427
20.601757 34.375455 -24.275426 1.000000 0.600000 0.300000 0.010000 0.010000 0.010000 0.926859 0.607058 0.329690 0.926859 0.607058 0.329690
-35.418848 18.224833 28.662096 1.000000 0.600000 0.300000 0.010000 0.010000 0.010000 0.509112 0.561226 0.720953 0.509112 0.561226 0.720953
-32.377305 19.224170 24.267915 1.000000 0.600000 0.300000 0.010000 0.010000 0.010000 0.764444 0.517965 0.977680 0.764444 0.517965 0.977680
37.080207 3.964014 11.990059 1.000000 0.600000 0.300000 0.010000 0.010000 0.010000 0.819089 0.409966 0.125330 0.819089 0.409966 0.125330
-41.547817 22.753665 12.487184 1.000000 0.600000 0.300000 0.010000 0.010000 0.010000 0.700738 0.987515 0.396519 0.700738 0.987515 0.396519
23.712465 7.588973 -29.662763 1.000000 0.600000 0.300000 0.010000 0.010000 0.010000 0.678768 0.180730 0.878713 0.678768 0.180730 0.878713
-46.387197 12.217783 12.376061 1.000000 0.600000 0.300000 0.010000 0.010000 0.010000 0.708918 0.440133 0.723473 0.708918 0.440133 0.723473
21.650009 16.029308 21.491395 1.000000 0.600000 0.300000 0.010000 0.010000 0.010000 0.438859 0.179178 0.262555 0.438859 0.179178 0.262555
13.362025 4.868348 1.328866 1.000000 0.600000 0.300000 0.010000 0.010000 0.010000 0.838883 0.714284 0.655621 0.838883 0.714284 0.655621
39.507266 31.643249 22.188376 1.000000 0.600000 0.300000 0.010000 0.010000 0.010000 0.926705 0.175498 0.103463 0.926705 0.175498 0.103463
-23.328694 1.048894 -2.979300 1.000000 0.600000 0.300000 0.010000 0.010000 0.010000 0.887130 0.355997 0.205949 0.887130 0.355997 0.205949
10.368938 17.636179 7.701488 1.000000 0.600000 0.300000 0.010000 0.010000 0.010000 0.454913 0.468290 0.842861 0.454913 0.468290 0.842861
33.793281 26.173448 16.729813 1.000000 0.600000 0.300000 0.010000 0.010000 0.010000 0.635648 0.171396 0.695853 0.635648 0.171396 0.695853
31.415559 34.193517 4.522611 1.000000 0.600000 0.300000 0.010000 0.010000 0.010000 0.577354 0.300939 0.760692 0.577354 0.300939 0.760692
16.015424 18.291835 23.467332 1.000000 0.600000 0.300000 0.010000 0.010000 0.010000 0.135350 0.865036 0.516918 0.135350 0.865036 0.516918
-38.636417 1.140356 14.217907 1.000000 0.600000 0.300000 0.010000 0.010000 0.010000 0.373310 0.263639 0.652925 0.373310 0.263639 0.652925
15.267298 10.659691 10.053300 1.000000 0.600000 0.300000 0.010000 0.010000 0.010000 0.451253 0.097551 0.746406 0.451253 0.097551 0.746406
22.464639 14.722443 -0.916982 1.000000 0.600000 0.300000 0.010000 0.010000 0.010000 0.489497 0.982700 0.846260 0.489497 0.982700 0.846260
-11.683782 21.155384 -11.939918 1.000000 0.600000 0.300000 0.010000 0.010000 0.010000 0.797630 0.680592 0.404696 0.797630 0.680592 0.404696
-16.207479 13.536611 18.952362 1.000000 0.600000 0.300000 0.010000 0.010000 0.010000 0.655560 0.267412 0.808448 0.655560 0.267412 0.808448
-15.357304 15.541412 15.279948 1.000000 0.600000 0.300000 0.010000 0.010000 0.010000 0.576705 0.748097 0.824527 0.576705 0.748097 0.824527
17.272198 36.605496 -9.978382 1.000000 0.600000 0.300000 0.010000 0.010000 0.010000 0.511821 0.685401 0.694956 0.511821 0.685401 0.694956
-11.532050 36.169558 -10.435605 1.000000 0.600000 0.300000 0.010000 0.010000 0.010000 0.607187 0.371088 0.983691 0.607187 0.371088 0.983691
11.787848 15.123292 -2.896796 1.000000 0.600000 0.300000 0.010000 0.010000 0.010000 0.887177 0.675289 0.646550 0.887177 0.675289 0.646550
-45.861527 10.945923 23.647045 1.000000 0.600000 0.300000 0.010000 0.010000 0.010000 0.570038 0.405168 0.914515 0.570038 0.405168 0.914515
10.036579 35.886788 10.192915 1.000000 0.600000 0.300000 0.010000 0.010000 0.010000 0.066293 0.213417 0.904151 0.066293 0.213417 0.904151
2.884419 29.113981 -29.146257 1.000000 0.600000 0.300000 0.010000 0.010000 0.010000 0.873613 0.459727 0.627952 0.873613 0.459727 0.627952
-18.396445 27.723097 25.240787 1.000000 0.600000 0.300000 0.010000 0.010000 0.010000 0.937752 0.651490 0.133346 0.937752 0.651490 0.133346
-48.289834 2.033857 -23.771448 1.000000 0.600000 0.300000 0.010000 0.010000 0.010000 0.835433 0.833983 0.659626 0.835433 0.833983 0.659626
19.069488 37.555907 -23.779639 1.000000 0.600000 0.300000 0.010000 0.010000 0.010000 0.348604 0.670024 0.806312 0.348604 0.670024 0.806312
-34.229325 39.429288 -3.986617 1.000000 0.600000 0.300000 0.010000 0.010000 0.010000 0.421235 0.166853 0.973234 0.421235 0.166853 0.973234
-28.177620 14.244854 17.684032 1.000000 0.600000 0.300000 0.010000 0.010000 0.010000 0.808583 0.635861 0.381913 0.808583 0.635861 0.381913
-0.562307 36.083715 -4.302304 1.000000 0.600000 0.300000 0.010000 0.010000 0.010000 0.684614 0.336713 0.765613 0.684614 0.336713 0.765613
-1.518967 21.159226 16.222293 1.000000 0.600000 0.300000 0.010000 0.010000 0.010000 0.266423 0.116792 0.175290 0.266423 0.116792 0.175290
9.693417 23.457849 8.797878 1.000000 0.600000 0.300000 0.010000 0.010000 0.010000 0.277017 0.771631 0.763543 0.277017 0.771631 0.763543
-45.471528 26.747158 -25.900967 1.000000 0.600000 0.300000 0.010000 0.010000 0.010000 0.947609 0.363774 0.182179 0.947609 0.363774 0.182179
-20.806871 36.180586 -1.468564 1.000000 0.600000 0.300000 0.010000 0.010000 0.010000 0.502484 0.169460 0.177700 0.502484 0.169460 0.177700
27.488101 20.024262 1.853210 1.000000 0.600000 0.300000 0.010000 0.010000 0.010000 0.763023 0.598206 0.737585 0.763023 0.598206 0.737585
-23.671329 31.697415 -22.132109 1.000000 0.600000 0.300000 0.010000 0.010000 0.010000 0.832402 0.341374 0.956534 0.832402 0.341374 0.956534
-13.474366 36.223236 -25.952538 1.000000 0.600000 0.300000 0.010000 0.010000 0.010000 0.115727 0.315218 0.674666 0.115727 0.315218 0.674666
-6.092753 25.392771 6.336736 1.000000 0.600000 0.300000 0.010000 0.010000 0.010000 0.353977 0.854993 0.488422 0.353977 0.854993 0.488422
46.242495 10.235923 14.064604 1.000000 0.600000 0.300000 0.010000 0.010000 0.010000 0.690185 0.408341 0.198149 0.690185 0.408341 0.198149
-32.041953 18.063626 7.553698 1.000000 0.600000 0.300000 0.010000 0.010000 0.010000 0.431110 0.715318 0.935726 0.431110 0.715318 0.935726
-27.732470 38.920244 27.611952 1.000000 0.600000 0.300000 0.010000 0.010000 0.010000 0.613049 0.579649 0.628219 0.613049 0.579649 0.628219
-33.633645 24.783415 22.068714 1.000000 0.600000 0.300000 0.010000 0.010000 0.010000 0.745209 0.870308 0.934588 0.745209 0.870308 0.934588
-46.295104 15.452884 -1.937660 1.000000 0.600000 0.300000 0.010000 0.010000 0.010000 0.521166 0.185116 0.424357 0.521166 0.185116 0.424357
-20.561183 16.621540 20.168185 1.000000 0.600000 0.300000 0.010000 0.010000 0.010000 0.773906 0.094638 0.903937 0.773906 0.094638 0.903937
48.840946 32.627781 5.333309 1.000000 0.600000 0.300000 0.010000 0.010000 0.010000 0.711887 0.759529 0.384048 0.711887 0.759529 0.384048
-9.083126 9.316952 -13.269126 1.000000 0.600000 0.300000 0.010000 0.010000 0.010000 0.407559 0.160354 0.762105 0.407559 0.160354 0.762105
19.719966 1.938935 -16.945545 1.000000 0.600000 0.300000 0.010000 0.010000 0.010000 0.086946 0.175034 0.583724 0.086946 0.175034 0.583724
-45.035322 10.958632 29.201774 1.000000 0.600000 0.300000 0.010000 0.010000 0.010000 0.082168 0.702407 0.955350 0.082168 0.702407 0.955350
22.200118 25.923846 16.301448 1.000000 0.600000 0.300000 0.010000 0.010000 0.010000 0.478212 0.846405 0.787481 0.478212 0.846405 0.787481
11.149771 6.243702 4.398836 1.000000 0.600000 0.300000 0.010000 0.010000 0.010000 0.329485 0.396205 0.667762 0.329485 0.396205 0.667762
-27.771797 2.750696 0.134534 1.000000 0.600000 0.300000 0.010000 0.010000 0.010000 0.588155 0.066005 0.640772 0.588155 0.066005 0.640772
-46.934126 20.115154 14.844414 1.000000 0.600000 0.300000 0.010000 0.010000 0.010000 0.489970 0.449396 0.926051 0.489970 0.449396 0.926051
0.587089 1.063098 10.597771 1.000000 0.600000 0.300000 0.010000 0.010000 0.010000 0.514190 0.769027 0.378401 0.514190 0.769027 0.378401
-48.002371 28.139076 -18.024358 1.000000 0.600000 0.300000 0.010000 0.010000 0.010000 0.430534 0.919217 0.598562 0.430534 0.919217 0.598562
-15.475348 17.397426 20.562672 1.000000 0.600000 0.300000 0.010000 0.010000 0.010000 0.162068 0.648816 0.617326 0.162068 0.648816 0.617326
-21.658000 21.610174 29.964989 1.000000 0.600000 0.300000 0.010000 0.010000 0.010000 0.062005 0.859608 0.862467 0.062005 0.859608 0.862467
22.967113 31.869313 23.400835 1.000000 0.600000 0.300000 0.010000 0.010000 0.010000 0.936078 0.545983 0.258160 0.936078 0.545983 0.258160
-5.445297 21.178779 -9.744081 1.000000 0.600000 0.300000 0.010000 0.010000 0.010000 0.126482 0.370134 0.923567 0.126482 0.370134 0.923567
-20.656802 30.094682 -16.710167 1.000000 0.600000 0.300000 0.010000 0.010000 0.010000 0.123597 0.733537 0.908527 0.123597 0.733537 0.908527
41.465230 39.538075 -5.620962 1.000000 0.600000 0.300000 0.010000 0.010000 0.010000 0.253983 0.455648 0.099283 0.253983 0.455648 0.099283
49.220372 39.322492 -19.288786 1.000000 0.600000 0.300000 0.010000 0.010000 0.010000 0.887418 0.841812 0.980377 0.887418 0.841812 0.980377
18.036531 30.999489 0.128408 1.000000 0.600000 0.300000 0.010000 0.010000 0.010000 0.301802 0.771377 0.607924 0.301802 0.771377 0.607924
-30.897502 25.911301 -11.696530 1.000000 0.600000 0.300000 0.010000 0.010000 0.010000 0.707952 0.178501 0.699366 0.707952 0.178501 0.699366
-18.573893 24.094012 4.175043 1.000000 0.600000 0.300000 0.010000 0.010000 0.010000 0.886808 0.327058 0.280143 0.886808 0.327058 0.280143
19.237659 30.708232 -6.987459 1.000000 0.600000 0.300000 0.010000 0.010000 0.010000 0.322234 0.874797 0.456206 0.322234 0.874797 0.456206
14.419039 34.818320 -5.610586 1.000000 0.600000 0.300000 0.010000 0.010000 0.010000 0.580804 0.595228 0.354823 0.580804 0.595228 0.354823
-6.846070 15.114462 15.769418 1.000000 0.600000 0.300000 0.010000 0.010000 0.010000 0.405318 0.627847 0.666816 0.405318 0.627847 0.666816
-2.378866 8.916511 -12.160725 1.000000 0.600000 0.300000 0.010000 0.010000 0.010000 0.817668 0.379831 0.502267 0.817668 0.379831 0.502267
-45.656773 34.559886 14.492004 1.000000 0.600000 0.300000 0.010000 0.010000 0.010000 0.445343 0.652066 0.215417 0.445343 0.652066 0.215417
-21.221868 16.696375 26.029780 1.000000 0.600000 0.300000 0.010000 0.010000 0.010000 0.881671 0.399434 0.351487 0.881671 0.399434 0.351487
-2.006960 2.036597 -10.805109 1.000000 0.600000 0.300000 0.010000 0.010000 0.010000 0.472801 0.410974 0.500163 0.472801 0.410974 0.500163
-20.840333 6.635240 26.646230 1.000000 0.600000 0.300000 0.010000 0.010000 0.010000 0.118568 0.332010 0.523275 0.118568 0.332010 0.523275
49.941482 31.355103 2.466706 1.000000 0.600000 0.300000 0.010000 0.010000 0.010000 0.081356 0.585607 0.227119 0.081356 0.585607 0.227119
29.006591 36.938173 9.824634 1.000000 0.600000 0.300000 0.010000 0.010000 0.010000 0.161790 0.357780 0.437499 0.161790 0.357780 0.437499
-16.664667 3.750385 -27.991768 1.000000 0.600000 0.300000 0.010000 0.010000 0.010000 0.923299 0.316552 0.987603 0.923299 0.316552 0.987603
-16.125398 38.045694 4.666109 1.000000 0.600000 0.300000 0.010000 0.010000 0.010000 0.412828 0.555691 0.731268 0.412828 0.555691 0.731268
46.697576 8.990016 -2.137846 1.000000 0.600000 0.300000 0.010000 0.010000 0.010000 0.695325 0.299487 0.582441 0.695325 0.299487 0.582441
-9.944988 23.054615 14.569796 1.000000 0.600000 0.300000 0.010000 0.010000 0.010000 0.650872 0.352755 0.909013 0.650872 0.352755 0.909013
15.779790 2.107854 -5.802718 1.000000 0.600000 0.300000 0.010000 0.010000 0.010000 0.918914 0.594960 0.092591 0.918914 0.594960 0.092591
-5.523943 12.297006 -3.564526 1.000000 0.600000 0.300000 0.010000 0.010000 0.010000 0.154197 0.761772 0.733639 0.154197 0.761772 0.733639
42.312113 14.371722 -27.038487 1.000000 0.600000 0.300000 0.010000 0.010000 0.010000 0.750796 0.841864 0.485488 0.750796 0.841864 0.485488
29.952632 2.122785 -6.875213 1.000000 0.600000 0.300000 0.010000 0.010000 0.010000 0.673330 0.317151 0.635478 0.673330 0.317151 0.635478
16.661020 35.072831 -8.619223 1.000000 0.600000 0.300000 0.010000 0.010000 0.010000 0.373927 0.070622 0.455938 0.373927 0.070622 0.455938
48.877041 1.959898 1.912486 1.000000 0.600000 0.300000 0.010000 0.010000 0.010000 0.791394 0.602408 0.230556 0.791394 0.602408 0.230556
45.378669 8.742235 26.309287 1.000000 0.600000 0.300000 0.010000 0.010000 0.010000 0.746753 0.869140 0.639733 0.746753 0.869140 0.639733
42.649829 12.256145 21.663295 1.000000 0.600000 0.300000 0.010000 0.010000 0.010000 0.220689 0.332807 0.890397 0.220689 0.332807 0.890397
5.228919 7.218783 -27.374072 1.000000 0.600000 0.300000 0.010000 0.010000 0.010000 0.283103 0.735665 0.298039 0.283103 0.735665 0.298039
-11.751653 2.936320 -15.451011 1.000000 0.600000 0.300000 0.010000 0.010000 0.010000 0.449110 0.291628 0.313708 0.449110 0.291628 0.313708
45.116912 23.974415 -22.341523 1.000000 0.600000 0.300000 0.010000 0.010000 0.010000 0.522101 0.904108 0.417242 0.522101 0.904108 0.417242
30.656929 2.803570 -12.782772 1.000000 0.600000 0.300000 0.010000 0.010000 0.010000 0.203529 0.166205 0.816167 0.203529 0.166205 0.816167
-39.775570 10.751098 10.884956 1.000000 0.600000 0.300000 0.010000 0.010000 0.010000 0.452968 0.110243 0.530035 0.452968 0.110243 0.530035
-49.715656 25.427028 20.100324 1.000000 0.600000 0.300000 0.010000 0.010000 0.010000 0.357506 0.120812 0.509615 0.357506 0.120812 0.509615
48.904548 30.128242 -13.034474 1.000000 0.600000 0.300000 0.010000 0.010000 0.010000 0.983730 0.238378 0.542203 0.983730 0.238378 0.542203
-31.372332 2.126546 -10.015251 1.000000 0.600000 0.300000 0.010000 0.010000 0.010000 0.832362 0.767430 0.272319 0.832362 0.767430 0.272319
18.434947 7.932367 9.019661 1.000000 0.600000 0.300000 0.010000 0.010000 0.010000 0.317263 0.408914 0.509400 0.317263 0.408914 0.509400
48.564946 12.485604 23.881466 1.000000 0.600000 0.300000 0.010000 0.010000 0.010000 0.279858 0.324355 0.696516 0.279858 0.324355 0.696516
-8.586381 17.785031 -26.283501 1.000000 0.600000 0.300000 0.010000 0.010000 0.010000 0.465023 0.724601 0.764334 0.465023 0.724601 0.764334
-43.635814 32.450077 -27.852482 1.000000 0.600000 0.300000 0.010000 0.010000 0.010000 0.486882 0.664879 0.777379 0.486882 0.664879 0.777379
24.269233 18.694074 -1.944547 1.000000 0.600000 0.300000 0.010000 0.010000 0.010000 0.551774 0.225589 0.836276 0.551774 0.225589 0.836276
-19.221530 7.815414 -2.063525 1.000000 0.600000 0.300000 0.010000 0.010000 0.010000 0.716409 0.089756 0.460343 0.716409 0.089756 0.460343
17.164088 29.459125 23.046718 1.000000 0.600000 0.300000 0.010000 0.010000 0.010000 0.317715 0.702645 0.649783 0.317715 0.702645 0.649783
35.024104 19.554764 21.875558 1.000000 0.600000 0.300000 0.010000 0.010000 0.010000 0.415790 0.306470 0.416941 0.415790 0.306470 0.416941
27.675999 10.894297 2.531884 1.000000 0.600000 0.300000 0.010000 0.010000 0.010000 0.468292 0.977780 0.527257 0.468292 0.977780 0.527257
-27.780119 8.948298 3.463853 1.000000 0.600000 0.300000 0.010000 0.010000 0.010000 0.199383 0.946632 0.555435 0.199383 0.946632 0.555435
46.975345 25.504362 26.807458 1.000000 0.600000 0.300000 0.010000 0.010000 0.010000 0.161460 0.591672 0.250658 0.161460 0.591672 0.250658
2.484564 1.126404 29.486908 1.000000 0.600000 0.300000 0.010000 0.010000 0.010000 0.235207 0.428079 0.880809 0.235207 0.428079 0.880809
25.801795 18.599434 1.734073 1.000000 0.600000 0.300000 0.010000 0.010000 0.010000 0.586426 0.817549 0.404104 0.586426 0.817549 0.404104
-13.254914 9.022284 2.627951 1.000000 0.600000 0.300000 0.010000 0.010000 0.010000 0.705001 0.273560 0.768913 0.705001 0.273560 0.768913
46.285317 25.179839 -19.038258 1.000000 0.600000 0.300000 0.010000 0.010000 0.010000 0.695915 0.378737 0.875641 0.695915 0.378737 0.875641
28.374378 21.804054 -4.509526 1.000000 0.600000 0.300000 0.010000 0.010000 0.010000 0.749730 0.288122 0.785476 0.749730 0.288122 0.785476
13.938193 2.599948 23.542168 1.000000 0.600000 0.300000 0.010000 0.010000 0.010000 0.230964 0.839182 0.828779 0.230964 0.839182 0.828779
7.840403 28.674297 -13.632528 1.000000 0.600000 0.300000 0.010000 0.010000 0.010000 0.891341 0.790040 0.886777 0.891341 0.790040 0.886777
-36.721425 19.671510 8.458878 1.000000 0.600000 0.300000 0.010000 0.010000 0.010000 0.812901 0.504315 0.391968 0.812901 0.504315 0.391968
-28.124657 5.958360 6.556028 1.000000 0.600000 0.300000 0.010000 0.010000 0.010000 0.068734 0.079992 0.507800 0.068734 0.079992 0.507800
-32.502887 20.696764 25.942240 1.000000 0.600000 0.300000 0.010000 0.010000 0.010000 0.781345 0.939350 0.272664 0.781345 0.939350 0.272664
-41.610477 1.009264 -5.041749 1.000000 0.600000 0.300000 0.010000 0.010000 0.010000 0.515292 0.903695 0.471072 0.515292 0.903695 0.471072
23.812013 28.600350 1.547426 1.000000 0.600000 0.300000 0.010000 0.010000 0.010000 0.220594 0.558039 0.246259 0.220594 0.558039 0.246259
-22.197193 30.321626 -10.120751 1.000000 0.600000 0.300000 0.010000 0.010000 0.010000 0.608464 0.345022 0.874889 0.608464 0.345022 0.874889
37.347848 26.950047 4.827921 1.000000 0.600000 0.300000 0.010000 0.010000 0.010000 0.118978 0.778249 0.776184 0.118978 0.778249 0.776184
46.851395 27.239931 8.844019 1.000000 0.600000 0.300000 0.010000 0.010000 0.010000 0.167669 0.738846 0.213485 0.167669 0.738846 0.213485
10.547172 8.999564 25.440619 1.000000 0.600000 0.300000 0.010000 0.010000 0.010000 0.583030 0.553734 0.500567 0.583030 0.553734 0.500567
-6.138318 35.847300 -8.568150 1.000000 0.600000 0.300000 0.010000 0.010000 0.010000 0.425735 0.729797 0.069386 0.425735 0.729797 0.069386
0.169582 7.319473 -28.525165 1.000000 0.600000 0.300000 0.010000 0.010000 0.010000 0.670901 0.688235 0.280058 0.670901 0.688235 0.280058
48.626839 33.577282 -11.955453 1.000000 0.600000 0.300000 0.010000 0.010000 0.010000 0.545626 0.271193 0.517744 0.545626 0.271193 0.517744
14.261654 2.739647 28.948420 1.000000 0.600000 0.300000 0.010000 0.010000 0.010000 0.475421 0.202975 0.090268 0.475421 0.202975 0.090268
24.488818 36.671872 -1.040898 1.000000 0.600000 0.300000 0.010000 0.010000 0.010000 0.589940 0.208705 0.755222 0.589940 0.208705 0.755222
-46.944260 32.796380 -2.631075 1.000000 0.600000 0.300000 0.010000 0.010000 0.010000 0.286639 0.384329 0.330976 0.286639 0.384329 0.330976
7.804895 29.730362 27.514129 1.000000 0.600000 0.300000 0.010000 0.010000 0.010000 0.681053 0.890660 0.225998 0.681053 0.890660 0.225998
-29.414838 11.872854 2.990623 1.000000 0.600000 0.300000 0.010000 0.010000 0.010000 0.500763 0.850989 0.715121 0.500763 0.850989 0.715121
-28.016498 14.650305 -4.391669 1.000000 0.600000 0.300000 0.010000 0.010000 0.010000 0.893141 0.451415 0.268028 0.893141 0.451415 0.268028
19.185290 35.539987 -20.453812 1.000000 0.600000 0.300000 0.010000 0.010000 0.010000 0.305413 0.916350 0.604027 0.305413 0.916350 0.604027
-6.170685 37.225467 -18.938632 1.000000 0.600000 0.300000 0.010000 0.010000 0.010000 0.926467 0.124698 0.124209 0.926467 0.124698 0.124209
45.740794 6.079618 -2.528731 1.000000 0.600000 0.300000 0.010000 0.010000 0.010000 0.625319 0.253875 0.910336 0.625319 0.253875 0.910336
-6.238122 36.107066 -3.087085 1.000000 0.600000 0.300000 0.010000 0.010000 0.010000 0.157256 0.904450 0.681276 0.157256 0.904450 0.681276
-32.850884 28.918837 2.263258 1.000000 0.600000 0.300000 0.010000 0.010000 0.010000 0.099116 0.155710 0.283128 0.099116 0.155710 0.283128
17.187141 15.604359 20.859280 1.000000 0.600000 0.300000 0.010000 0.010000 0.010000 0.511632 0.804539 0.365880 0.511632 0.804539 0.365880
-44.815227 22.653770 18.684958 1.000000 0.600000 0.300000 0.010000 0.010000 0.010000 0.501798 0.474226 0.177997 0.501798 0.474226 0.177997
-43.983708 9.312246 15.323432 1.000000 0.600000 0.300000 0.010000 0.010000 0.010000 0.878503 0.211097 0.176649 0.878503 0.211097 0.176649
-30.641935 14.098619 10.408433 1.000000 0.600000 0.300000 0.010000 0.010000 0.010000 0.684923 0.072162 0.548466 0.684923 0.072162 0.548466
-1.655051 13.965978 -26.535554 1.000000 0.600000 0.300000 0.010000 0.010000 0.010000 0.206364 0.614233 0.395332 0.206364 0.614233 0.395332
-29.079087 8.708486 16.805669 1.000000 0.600000 0.300000 0.010000 0.010000 0.010000 0.954008 0.114527 0.231845 0.954008 0.114527 0.231845
13.368842 4.659241 10.880253 1.000000 0.600000 0.300000 0.010000 0.010000 0.010000 0.738952 0.502392 0.065024 0.738952 0.502392 0.065024
-7.297005 12.735275 -8.040995 1.000000 0.600000 0.300000 0.010000 0.010000 0.010000 0.907293 0.510391 0.848525 0.907293 0.510391 0.848525
-23.324019 12.131702 11.860915 1.000000 0.600000 0.300000 0.010000 0.010000 0.010000 0.860026 0.862482 0.446702 0.860026 0.862482 0.446702
-43.362868 7.152677 18.269264 1.000000 0.600000 0.300000 0.010000 0.010000 0.010000 0.988178 0.232271 0.247041 0.988178 0.232271 0.247041
-2.017884 38.611836 26.336427 1.000000 0.600000 0.300000 0.010000 0.010000 0.010000 0.490722 0.925670 0.662225 0.490722 0.925670 0.662225
-10.328991 25.062552 -21.907187 1.000000 0.600000 0.300000 0.010000 0.010000 0.010000 0.797915 0.824484 0.148558 0.797915 0.824484 0.148558
39.701055 27.741885 26.824217 1.000000 0.600000 0.300000 0.010000 0.010000 0.010000 0.090809 0.617578 0.766064 0.090809 0.617578 0.766064
10.306620 26.907583 1.370758 1.000000 0.600000 0.300000 0.010000 0.010000 0.010000 0.062786 0.917484 0.513300 0.062786 0.917484 0.513300
1.346589 1.181984 -20.162098 1.000000 0.600000 0.300000 0.010000 0.010000 0.010000 0.948607 0.153237 0.089422 0.948607 0.153237 0.089422
-43.359450 2.312987 13.107660 1.000000 0.600000 0.300000 0.010000 0.010000 0.010000 0.608548 0.228882 0.983920 0.608548 0.228882 0.983920
-27.756130 6.153574 -11.154622 1.000000 0.600000 0.300000 0.010000 0.010000 0.010000 0.794248 0.698094 0.983258 0.794248 0.698094 0.983258
13.795786 6.689858 -18.989939 1.000000 0.600000 0.300000 0.010000 0.010000 0.010000 0.663103 0.711430 0.536908 0.663103 0.711430 0.536908
-9.881244 37.155369 16.052747 1.000000 0.600000 0.300000 0.010000 0.010000 0.010000 0.283264 0.702497 0.918109 0.283264 0.702497 0.918109
45.473495 1.280133 -13.079184 1.000000 0.600000 0.300000 0.010000 0.010000 0.010000 0.674535 0.284572 0.384385 0.674535 0.284572 0.384385
6.462668 6.131571 6.756877 1.000000 0.600000 0.300000 0.010000 0.010000 0.010000 0.296385 0.222435 0.842436 0.296385 0.222435 0.842436
37.749860 2.844163 22.562130 1.000000 0.600000 0.300000 0.010000 0.010000 0.010000 0.169588 0.390876 0.792702 0.169588 0.390876 0.792702
-39.877225 19.187278 -24.969712 1.000000 0.600000 0.300000 0.010000 0.010000 0.010000 0.459057 0.461486 0.578866 0.459057 0.461486 0.578866
-15.425315 15.481238 26.136667 1.000000 0.600000 0.300000 0.010000 0.010000 0.010000 0.847858 0.496472 0.167300 0.847858 0.496472 0.167300
37.684119 7.212909 12.313488 1.000000 0.600000 0.300000 0.010000 0.010000 0.010000 0.658154 0.276401 0.108614 0.658154 0.276401 0.108614
48.675914 5.946010 10.077977 1.000000 0.600000 0.300000 0.010000 0.010000 0.010000 0.597080 0.415519 0.052695 0.597080 0.415519 0.052695
-28.814820 26.776889 29.441659 1.000000 0.600000 0.300000 0.010000 0.010000 0.010000 0.651768 0.576852 0.763552 0.651768 0.576852 0.763552
38.732488 32.808975 16.208852 1.000000 0.600000 0.300000 0.010000 0.010000 0.010000 0.170140 0.462499 0.711831 0.170140 0.462499 0.711831
48.576811 27.163075 20.079134 1.000000 0.600000 0.300000 0.010000 0.010000 0.010000 0.602188 0.581622 0.409244 0.602188 0.581622 0.409244
-2.402893 21.333552 18.715554 1.000000 0.600000 0.300000 0.010000 0.010000 0.010000 0.872877 0.072547 0.179154 0.872877 0.072547 0.179154
-21.408611 22.852454 6.776234 1.000000 0.600000 0.300000 0.010000 0.010000 0.010000 0.623752 0.758424 0.212129 0.623752 0.758424 0.212129
0.414234 27.146959 -15.756816 1.000000 0.600000 0.300000 0.010000 0.010000 0.010000 0.430544 0.338353 0.390240 0.430544 0.338353 0.390240
-17.322453 10.714866 3.626235 1.000000 0.600000 0.300000 0.010000 0.010000 0.010000 0.864647 0.226183 0.338768 0.864647 0.226183 0.338768
15.795629 16.478272 -24.795046 1.000000 0.600000 0.300000 0.010000 0.010000 0.010000 0.852952 0.663656 0.816303 0.852952 0.663656 0.816303
17.592729 8.783843 -17.764589 1.000000 0.600000 0.300000 0.010000 0.010000 0.010000 0.314128 0.719824 0.156983 0.314128 0.719824 0.156983
-44.814620 26.732295 20.001885 1.000000 0.600000 0.300000 0.010000 0.010000 0.010000 0.329374 0.794352 0.157305 0.329374 0.794352 0.157305
-17.662044 34.464997 13.419138 1.000000 0.600000 0.300000 0.010000 0.010000 0.010000 0.389903 0.299888 0.720697 0.389903 0.299888 0.720697
-40.443182 23.016370 -21.426414 1.000000 0.600000 0.300000 0.010000 0.010000 0.010000 0.538857 0.466882 0.143479 0.538857 0.466882 0.143479
38.658089 21.200089 -3.187307 1.000000 0.600000 0.300000 0.010000 0.010000 0.010000 0.722374 0.999611 0.210376 0.722374 0.999611 0.210376
0.674080 30.481947 -19.335302 1.000000 0.600000 0.300000 0.010000 0.010000 0.010000 0.054289 0.499800 0.525789 0.054289 0.499800 0.525789
-27.575290 1.588442 0.342274 1.000000 0.600000 0.300000 0.010000 0.010000 0.010000 0.227352 0.450335 0.176631 0.227352 0.450335 0.176631
-15.162651 1.720482 25.184805 1.000000 0.600000 0.300000 0.010000 0.010000 0.010000 0.350918 0.537628 0.513434 0.350918 0.537628 0.513434
28.463184 3.460884 -15.781464 1.000000 0.600000 0.300000 0.010000 0.010000 0.010000 0.104344 0.847523 0.277590 0.104344 0.847523 0.277590
-22.511486 31.330383 1.318669 1.000000 0.600000 0.300000 0.010000 0.010000 0.010000 0.479253 0.905698 0.969734 0.479253 0.905698 0.969734
-41.635963 11.350379 25.398292 1.000000 0.600000 0.300000 0.010000 0.010000 0.010000 0.538885 0.335423 0.276525 0.538885 0.335423 0.276525
-37.136605 21.181250 4.533843 1.000000 0.600000 0.300000 0.010000 0.010000 0.010000 0.872410 0.534763 0.492419 0.872410 0.534763 0.492419
-32.521134 16.261272 -21.910430 1.000000 0.600000 0.300000 0.010000 0.010000 0.010000 0.525122 0.208096 0.657722 0.525122 0.208096 0.657722
3.821742 39.262591 -18.613341 1.000000 0.600000 0.300000 0.010000 0.010000 0.010000 0.822266 0.891381 0.490187 0.822266 0.891381 0.490187
-43.056818 11.558849 -24.772330 1.000000 0.600000 0.300000 0.010000 0.010000 0.010000 0.354536 0.225161 0.630429 0.354536 0.225161 0.630429
31.514776 11.381338 19.601303 1.000000 0.600000 0.300000 0.010000 0.010000 0.010000 0.825846 0.619919 0.886871 0.825846 0.619919 0.886871
1.148597 16.181879 -10.003422 1.000000 0.600000 0.300000 0.010000 0.010000 0.010000 0.760522 0.622416 0.242534 0.760522 0.622416 0.242534
44.577587 39.717680 21.533863 1.000000 0.600000 0.300000 0.010000 0.010000 0.010000 0.629046 0.245550 0.504430 0.629046 0.245550 0.504430
21.221489 33.920986 10.161124 1.000000 0.600000 0.300000 0.010000 0.010000 0.010000 0.492574 0.707262 0.119714 0.492574 0.707262 0.119714
30.870268 2.753662 -14.715229 1.000000 0.600000 0.300000 0.010000 0.010000 0.010000 0.428947 0.327134 0.390653 0.428947 0.327134 0.390653
-20.012742 16.331612 -18.363832 1.000000 0.600000 0.300000 0.010000 0.010000 0.010000 0.966113 0.442112 0.852129 0.966113 0.442112 0.852129
2.073905 9.208674 20.134026 1.000000 0.600000 0.300000 0.010000 0.010000 0.010000 0.278084 0.975430 0.884567 0.278084 0.975430 0.884567
-10.234783 22.230021 -17.708992 1.000000 0.600000 0.300000 0.010000 0.010000 0.010000 0.084782 0.196422 0.314181 0.084782 0.196422 0.314181
42.093445 19.684013 21.225724 1.000000 0.600000 0.300000 0.010000 0.010000 0.010000 0.857818 0.917051 0.743747 0.857818 0.917051 0.743747
28.648670 38.689113 -10.260816 1.000000 0.600000 0.300000 0.010000 0.010000 0.010000 0.177707 0.966757 0.321702 0.177707 0.966757 0.321702
-4.821338 6.972339 3.597565 1.000000 0.600000 0.300000 0.010000 0.010000 0.010000 0.940824 0.102435 0.738103 0.940824 0.102435 0.738103
44.566972 30.393233 17.988207 1.000000 0.600000 0.300000 0.010000 0.010000 0.010000 0.732762 0.545106 0.337845 0.732762 0.545106 0.337845
14.557704 21.992977 27.421672 1.000000 0.600000 0.300000 0.010000 0.010000 0.010000 0.837858 0.715406 0.490851 0.837858 0.715406 0.490851
40.723544 35.739276 24.603770 1.000000 0.600000 0.300000 0.010000 0.010000 0.010000 0.553671 0.839526 0.923136 0.553671 0.839526 0.923136
-21.052123 29.038051 3.473441 1.000000 0.600000 0.300000 0.010000 0.010000 0.010000 0.814764 0.352156 0.503471 0.814764 0.352156 0.503471
34.459792 26.072221 0.250248 1.000000 0.600000 0.300000 0.010000 0.010000 0.010000 0.224354 0.333436 0.648711 0.224354 0.333436 0.648711
30.577164 1.819042 24.082566 1.000000 0.600000 0.300000 0.010000 0.010000 0.010000 0.112370 0.549011 0.681169 0.112370 0.549011 0.681169
4.100740 29.519944 24.759541 1.000000 0.600000 0.300000 0.010000 0.010000 0.010000 0.651273 0.119186 0.238183 0.651273 0.119186 0.238183
-4.129754 4.514536 -13.234260 1.000000 0.600000 0.300000 0.010000 0.010000 0.010000 0.525483 0.343021 0.828437 0.525483 0.343021 0.828437
-14.241268 26.857803 -20.619698 1.000000 0.600000 0.300000 0.010000 0.010000 0.010000 0.973692 0.781823 0.201731 0.973692 0.781823 0.201731
-1.955132 28.141374 7.828769 1.000000 0.600000 0.300000 0.010000 0.010000 0.010000 0.576639 0.288548 0.929024 0.576639 0.288548 0.929024
31.986133 21.680739 19.131470 1.000000 0.600000 0.300000 0.010000 0.010000 0.010000 0.450103 0.111113 0.800268 0.450103 0.111113 0.800268
16.699853 19.741221 21.568647 1.000000 0.600000 0.300000 0.010000 0.010000 0.010000 0.181409 0.114520 0.581945 0.181409 0.114520 0.581945
25.883410 39.013332 -5.125921 1.000000 0.600000 0.300000 0.010000 0.010000 0.010000 0.116950 0.447351 0.521636 0.116950 0.447351 0.521636
33.371089 25.757259 19.774074 1.000000 0.600000 0.300000 0.010000 0.010000 0.010000 0.641287 0.925626 0.675078 0.641287 0.925626 0.675078
3.923679 26.930238 2.674343 1.000000 0.600000 0.300000 0.010000 0.010000 0.010000 0.105584 0.327989 0.950020 0.105584 0.327989 0.950020
-47.318316 23.710593 -16.109351 1.000000 0.600000 0.300000 0.010000 0.010000 0.010000 0.522420 0.501613 0.701841 0.522420 0.501613 0.701841
22.451149 29.542526 -22.779610 1.000000 0.600000 0.300000 0.010000 0.010000 0.010000 0.632095 0.328564 0.420211 0.632095 0.328564 0.420211
-39.711501 2.253412 15.045246 1.000000 0.600000 0.300000 0.010000 0.010000 0.010000 0.811509 0.327454 0.479346 0.811509 0.327454 0.479346
-4.639701 5.569970 27.686250 1.000000 0.600000 0.300000 0.010000 0.010000 0.010000 0.577630 0.304642 0.347015 0.577630 0.304642 0.347015
-32.763588 34.733171 21.813320 1.000000 0.600000 0.300000 0.010000 0.010000 0.010000 0.955005 0.474828 0.345311 0.955005 0.474828 0.345311
-1.156940 25.655848 21.675446 1.000000 0.600000 0.300000 0.010000 0.010000 0.010000 0.072938 0.097898 0.644724 0.072938 0.097898 0.644724
19.095700 29.284636 -16.119220 1.000000 0.600000 0.300000 0.010000 0.010000 0.010000 0.156482 0.990332 0.515726 0.156482 0.990332 0.515726
-27.259244 37.084117 -10.706588 1.000000 0.600000 0.300000 0.010000 0.010000 0.010000 0.229310 0.663432 0.439371 0.229310 0.663432 0.439371
15.971691 18.847223 -1.652983 1.000000 0.600000 0.300000 0.010000 0.010000 0.010000 0.491872 0.678461 0.117437 0.491872 0.678461 0.117437
-23.421817 9.449839 6.664719 1.000000 0.600000 0.300000 0.010000 0.010000 0.010000 0.867873 0.059184 0.865769 0.867873 0.059184 0.865769
-11.063646 34.763589 -15.059921 1.000000 0.600000 0.300000 0.010000 0.010000 0.010000 0.438295 0.460382 0.748882 0.438295 0.460382 0.748882
-12.185720 9.871807 1.581119 1.000000 0.600000 0.300000 0.010000 0.010000 0.010000 0.674610 0.922676 0.415172 0.674610 0.922676 0.415172
22.711943 34.114704 21.481865 1.000000 0.600000 0.300000 0.010000 0.010000 0.010000 0.928509 0.878407 0.093379 0.928509 0.878407 0.093379
46.184588 12.933572 22.497318 1.000000 0.600000 0.300000 0.010000 0.010000 0.010000 0.951883 0.537505 0.289597 0.951883 0.537505 0.289597
29.573024 38.829312 10.115851 1.000000 0.600000 0.300000 0.010000 0.010000 0.010000 0.616602 0.796081 0.238030 0.616602 0.796081 0.238030
-4.698049 17.807831 10.549611 1.000000 0.600000 0.300000 0.010000 0.010000 0.010000 0.472761 0.982721 0.710815 0.472761 0.982721 0.710815
28.944996 10.255458 -5.275441 1.000000 0.600000 0.300000 0.010000 0.010000 0.010000 0.806041 0.548679 0.445565 0.806041 0.548679 0.445565
3.559936 26.239473 -3.662768 1.000000 0.600000 0.300000 0.010000 0.010000 0.010000 0.776181 0.452469 0.603256 0.776181 0.452469 0.603256
-32.195711 36.034279 21.886825 1.000000 0.600000 0.300000 0.010000 0.010000 0.010000 0.813871 0.573578 0.318622 0.813871 0.573578 0.318622
41.268842 27.734967 -22.410871 1.000000 0.600000 0.300000 0.010000 0.010000 0.010000 0.308481 0.880638 0.633248 0.308481 0.880638 0.633248
38.261813 18.077281 3.571664 1.000000 0.600000 0.300000 0.010000 0.010000 0.010000 0.678643 0.774185 0.411929 0.678643 0.774185 0.411929
46.416214 5.940487 9.884756 1.000000 0.600000 0.300000 0.010000 0.010000 0.010000 0.202801 0.816317 0.736082 0.202801 0.816317 0.736082
-24.609650 6.219011 25.062666 1.000000 0.600000 0.300000 0.010000 0.010000 0.010000 0.186289 0.543102 0.848503 0.186289 0.543102 0.848503
17.930907 33.467032 15.179334 1.000000 0.600000 0.300000 0.010000 0.010000 0.010000 0.487264 0.858568 0.915175 0.487264 0.858568 0.915175
-10.914635 15.742697 -13.327070 1.000000 0.600000 0.300000 0.010000 0.010000 0.010000 0.732793 0.363302 0.108731 0.732793 0.363302 0.108731
-17.353873 15.403172 -9.301495 1.000000 0.600000 0.300000 0.010000 0.010000 0.010000 0.455232 0.155359 0.356590 0.455232 0.155359 0.356590
-24.549224 6.020943 24.544006 1.000000 0.600000 0.300000 0.010000 0.010000 0.010000 0.128355 0.936164 0.903958 0.128355 0.936164 0.903958
17.916620 3.727543 3.215409 1.000000 0.600000 0.300000 0.010000 0.010000 0.010000 0.867578 0.582429 0.985042 0.867578 0.582429 0.985042
14.485870 30.730254 0.001418 1.000000 0.600000 0.300000 0.010000 0.010000 0.010000 0.286635 0.834240 0.167434 0.286635 0.834240 0.167434
27.594970 30.547478 14.073963 1.000000 0.600000 0.300000 0.010000 0.010000 0.010000 0.765753 0.166552 0.794786 0.765753 0.166552 0.794786
-8.378152 19.522713 23.897126 1.000000 0.600000 0.300000 0.010000 0.010000 0.010000 0.746469 0.522865 0.275626 0.746469 0.522865 0.275626
0.483337 18.358118 -18.325068 1.000000 0.600000 0.300000 0.010000 0.010000 0.010000 0.312745 0.238015 0.333917 0.312745 0.238015 0.333917
-31.495619 8.481098 -20.018068 1.000000 0.600000 0.300000 0.010000 0.010000 0.010000 0.461913 0.527371 0.287149 0.461913 0.527371 0.287149
26.035617 19.318917 -9.910782 1.000000 0.600000 0.300000 0.010000 0.010000 0.010000 0.459763 0.782346 0.874239 0.459763 0.782346 0.874239
-24.201337 10.486248 -19.855619 1.000000 0.600000 0.300000 0.010000 0.010000 0.010000 0.405242 0.723512 0.533157 0.405242 0.723512 0.533157
-42.684132 10.555929 -8.891608 1.000000 0.600000 0.300000 0.010000 0.010000 0.010000 0.412120 0.861182 0.379357 0.412120 0.861182 0.379357
4.101356 17.016850 18.293354 1.000000 0.600000 0.300000 0.010000 0.010000 0.010000 0.119362 0.452094 0.824936 0.119362 0.452094 0.824936
24.263935 4.731321 -18.368630 1.000000 0.600000 0.300000 0.010000 0.010000 0.010000 0.125885 0.729855 0.125455 0.125885 0.729855 0.125455
-43.197332 34.995937 -22.236022 1.000000 0.600000 0.300000 0.010000 0.010000 0.010000 0.679952 0.488506 0.583918 0.679952 0.488506 0.583918
22.042713 15.622690 22.790662 1.000000 0.600000 0.300000 0.010000 0.010000 0.010000 0.119912 0.346029 0.293034 0.119912 0.346029 0.293034
-7.729288 7.721226 -14.520151 1.000000 0.600000 0.300000 0.010000 0.010000 0.010000 0.439406 0.077362 0.104712 0.439406 0.077362 0.104712
0.619147 25.096537 -5.323067 1.000000 0.600000 0.300000 0.010000 0.010000 0.010000 0.932962 0.086012 0.413940 0.932962 0.086012 0.413940
-49.803657 12.384901 -16.640901 1.000000 0.600000 0.300000 0.010000 0.010000 0.010000 0.111717 0.180263 0.602340 0.111717 0.180263 0.602340
-37.542458 3.330981 -14.046026 1.000000 0.600000 0.300000 0.010000 0.010000 0.010000 0.941999 0.398730 0.346666 0.941999 0.398730 0.346666
-40.356882 20.006128 15.998313 1.000000 0.600000 0.300000 0.010000 0.010000 0.010000 0.906911 0.885974 0.998612 0.906911 0.885974 0.998612
-29.853492 14.359388 -8.112091 1.000000 0.600000 0.300000 0.010000 0.010000 0.010000 0.544880 0.171611 0.329517 0.544880 0.171611 0.329517
-14.188898 34.236449 -0.886991 1.000000 0.600000 0.300000 0.010000 0.010000 0.010000 0.841255 0.751156 0.831488 0.841255 0.751156 0.831488
-36.710604 15.572322 5.827620 1.000000 0.600000 0.300000 0.010000 0.010000 0.010000 0.844714 0.366641 0.372372 0.844714 0.366641 0.372372
2.877134 14.647483 9.721971 1.000000 0.600000 0.300000 0.010000 0.010000 0.010000 0.491874 0.899017 0.914627 0.491874 0.899017 0.914627
-17.144611 28.416850 7.135952 1.000000 0.600000 0.300000 0.010000 0.010000 0.010000 0.323956 0.109399 0.765357 0.323956 0.109399 0.765357
-8.952549 23.250976 29.917635 1.000000 0.600000 0.300000 0.010000 0.010000 0.010000 0.370210 0.944878 0.113872 0.370210 0.944878 0.113872
33.388504 29.501837 27.004133 1.000000 0.600000 0.300000 0.010000 0.010000 0.010000 0.509490 0.826041 0.993420 0.509490 0.826041 0.993420
-16.644314 35.849462 -17.032008 1.000000 0.600000 0.300000 0.010000 0.010000 0.010000 0.428176 0.743932 0.827041 0.428176 0.743932 0.827041
20.456218 24.440124 -9.874010 1.000000 0.600000 0.300000 0.010000 0.010000 0.010000 0.756010 0.228973 0.891773 0.756010 0.228973 0.891773
38.384384 31.721721 0.210919 1.000000 0.600000 0.300000 0.010000 0.010000 0.010000 0.358761 0.341694 0.660252 0.358761 0.341694 0.660252
-36.867959 30.243004 -4.508351 1.000000 0.600000 0.300000 0.010000 0.010000 0.010000 0.967693 0.196386 0.786885 0.967693 0.196386 0.786885
49.612242 9.843597 8.661251 1.000000 0.600000 0.300000 0.010000 0.010000 0.010000 0.788896 0.249551 0.897665 0.788896 0.249551 0.897665
23.412072 7.185635 4.863932 1.000000 0.600000 0.300000 0.010000 0.010000 0.010000 0.452581 0.629283 0.088939 0.452581 0.629283 0.088939
38.462144 15.689753 -5.684610 1.000000 0.600000 0.300000 0.010000 0.010000 0.010000 0.099976 0.863704 0.398031 0.099976 0.863704 0.398031
2.949347 39.815439 -13.006590 1.000000 0.600000 0.300000 0.010000 0.010000 0.010000 0.805171 0.782665 0.098254 0.805171 0.782665 0.098254
35.416859 20.770365 -7.404529 1.000000 0.600000 0.300000 0.010000 0.010000 0.010000 0.902767 0.290862 0.971929 0.902767 0.290862 0.971929
33.713970 16.894436 -9.013250 1.000000 0.600000 0.300000 0.010000 0.010000 0.010000 0.438157 0.362137 0.762912 0.438157 0.362137 0.762912
-48.456675 33.457092 -9.912678 1.000000 0.600000 0.300000 0.010000 0.010000 0.010000 0.139205 0.701248 0.672219 0.139205 0.701248 0.672219
-45.870610 8.367719 -23.508555 1.000000 0.600000 0.300000 0.010000 0.010000 0.010000 0.876893 0.880048 0.413393 0.876893 0.880048 0.413393
-28.037963 7.043460 15.048568 1.000000 0.600000 0.300000 0.010000 0.010000 0.010000 0.496311 0.810817 0.900812 0.496311 0.810817 0.900812
-24.012343 25.918629 7.401448 1.000000 0.600000 0.300000 0.010000 0.010000 0.010000 0.881027 0.939823 0.803446 0.881027 0.939823 0.803446
-18.761307 26.227461 28.129639 1.000000 0.600000 0.300000 0.010000 0.010000 0.010000 0.157570 0.903979 0.677160 0.157570 0.903979 0.677160
-0.318881 13.900139 -12.353093 1.000000 0.600000 0.300000 0.010000 0.010000 0.010000 0.541418 0.665383 0.207319 0.541418 0.665383 0.207319
5.953727 24.211250 10.381100 1.000000 0.600000 0.300000 0.010000 0.010000 0.010000 0.057169 0.795059 0.180567 0.057169 0.795059 0.180567
9.887320 21.524868 13.033772 1.000000 0.600000 0.300000 0.010000 0.010000 0.010000 0.326081 0.463711 0.968510 0.326081 0.463711 0.968510
33.391260 16.474711 28.579508 1.000000 0.600000 0.300000 0.010000 0.010000 0.010000 0.121543 0.146916 0.393073 0.121543 0.146916 0.393073
21.408696 17.143997 7.896668 1.000000 0.600000 0.300000 0.010000 0.010000 0.010000 0.191892 0.820118 0.647229 0.191892 0.820118 0.647229
-18.704591 37.651690 -19.294570 1.000000 0.600000 0.300000 0.010000 0.010000 0.010000 0.610393 0.179982 0.368536 0.610393 0.179982 0.368536
16.195508 24.668895 -2.403429 1.000000 0.600000 0.300000 0.010000 0.010000 0.010000 0.765314 0.114169 0.973619 0.765314 0.114169 0.973619
-1.846277 21.821672 15.339693 1.000000 0.600000 0.300000 0.010000 0.010000 0.010000 0.407260 0.115558 0.559083 0.407260 0.115558 0.559083
23.780862 22.350455 -17.591052 1.000000 0.600000 0.300000 0.010000 0.010000 0.010000 0.851131 0.872843 0.631094 0.851131 0.872843 0.631094
25.391588 38.698502 -23.129950 1.000000 0.600000 0.300000 0.010000 0.010000 0.010000 0.497719 0.416955 0.137992 0.497719 0.416955 0.137992
37.552907 19.567357 -4.861038 1.000000 0.600000 0.300000 0.010000 0.010000 0.010000 0.122400 0.427440 0.997091 0.122400 0.427440 0.997091
2.690753 7.641174 -15.728364 1.000000 0.600000 0.300000 0.010000 0.010000 0.010000 0.592243 0.962320 0.104781 0.592243 0.962320 0.104781
37.995800 6.761497 3.743699 1.000000 0.600000 0.300000 0.010000 0.010000 0.010000 0.385258 0.833542 0.137108 0.385258 0.833542 0.137108
23.454677 38.962415 1.092322 1.000000 0.600000 0.300000 0.010000 0.010000 0.010000 0.981791 0.423609 0.388552 0.981791 0.423609 0.388552
-24.272712 6.891149 1.273810 1.000000 0.600000 0.300000 0.010000 0.010000 0.010000 0.637916 0.413818 0.326630 0.637916 0.413818 0.326630
-36.670736 18.353671 -3.229877 1.000000 0.600000 0.300000 0.010000 0.010000 0.010000 0.282847 0.446314 0.524746 0.282847 0.446314 0.524746
-28.510874 32.439025 20.853611 1.000000 0.600000 0.300000 0.010000 0.010000 0.010000 0.258935 0.390730 0.998210 0.258935 0.390730 0.998210
22.111024 8.000739 3.454229 1.000000 0.600000 0.300000 0.010000 0.010000 0.010000 0.757515 0.548409 0.177827 0.757515 0.548409 0.177827
-6.165845 35.485807 -0.945061 1.000000 0.600000 0.300000 0.010000 0.010000 0.010000 0.496112 0.162844 0.597933 0.496112 0.162844 0.597933
-15.318083 16.894806 2.315155 1.000000 0.600000 0.300000 0.010000 0.010000 0.010000 0.053989 0.107061 0.197278 0.053989 0.107061 0.197278
-38.243528 5.974924 -29.300480 1.000000 0.600000 0.300000 0.010000 0.010000 0.010000 0.669685 0.116981 0.363482 0.669685 0.116981 0.363482
-13.424573 6.763827 -22.332528 1.000000 0.600000 0.300000 0.010000 0.010000 0.010000 0.550744 0.809586 0.846068 0.550744 0.809586 0.846068
42.800395 34.062773 17.082780 1.000000 0.600000 0.300000 0.010000 0.010000 0.010000 0.264455 0.701669 0.982086 0.264455 0.701669 0.982086
-13.932070 24.631587 28.619209 1.000000 0.600000 0.300000 0.010000 0.010000 0.010000 0.782277 0.728457 0.147839 0.782277 0.728457 0.147839
-8.538542 26.745872 -29.659593 1.000000 0.600000 0.300000 0.010000 0.010000 0.010000 0.815480 0.480570 0.278023 0.815480 0.480570 0.278023
-47.939730 23.803247 15.051595 1.000000 0.600000 0.300000 0.010000 0.010000 0.010000 0.393530 0.962025 0.397626 0.393530 0.962025 0.397626
-25.533687 23.807136 -12.066593 1.000000 0.600000 0.300000 0.010000 0.010000 0.010000 0.405546 0.844216 0.345999 0.405546 0.844216 0.345999
-13.164421 18.791176 -24.366645 1.000000 0.600000 0.300000 0.010000 0.010000 0.010000 0.257019 0.436456 0.517229 0.257019 0.436456 0.517229
-1.654078 32.537499 -7.483637 1.000000 0.600000 0.300000 0.010000 0.010000 0.010000 0.963364 0.320983 0.930195 0.963364 0.320983 0.930195
-15.089444 15.024883 24.241408 1.000000 0.600000 0.300000 0.010000 0.010000 0.010000 0.295696 0.098723 0.864863 0.295696 0.098723 0.864863
-43.505740 10.756944 19.384209 1.000000 0.600000 0.300000 0.010000 0.010000 0.010000 0.103643 0.389048 0.847596 0.103643 0.389048 0.847596
-1.101935 4.406913 -3.360307 1.000000 0.600000 0.300000 0.010000 0.010000 0.010000 0.952849 0.166884 0.607334 0.952849 0.166884 0.607334
4.779524 30.182278 -15.928448 1.000000 0.600000 0.300000 0.010000 0.010000 0.010000 0.560820 0.124923 0.869600 0.560820 0.124923 0.869600
-32.754220 2.562715 -2.624096 1.000000 0.600000 0.300000 0.010000 0.010000 0.010000 0.458100 0.214105 0.689476 0.458100 0.214105 0.689476
-32.875827 1.221343 -28.997782 1.000000 0.600000 0.300000 0.010000 0.010000 0.010000 0.536261 0.333032 0.913136 0.536261 0.333032 0.913136
44.273914 16.767457 -22.821918 1.000000 0.600000 0.300000 0.010000 0.010000 0.010000 0.800783 0.622533 0.913132 0.800783 0.622533 0.913132
-40.008257 2.820175 -8.706002 1.000000 0.600000 0.300000 0.010000 0.010000 0.010000 0.751044 0.177727 0.935507 0.751044 0.177727 0.935507
23.739613 5.733356 -4.650728 1.000000 0.600000 0.300000 0.010000 0.010000 0.010000 0.180451 0.088471 0.370534 0.180451 0.088471 0.370534
42.390741 13.508288 -7.026895 1.000000 0.600000 0.300000 0.010000 0.010000 0.010000 0.412242 0.050180 0.062612 0.412242 0.050180 0.062612
44.058562 34.024198 0.716201 1.000000 0.600000 0.300000 0.010000 0.010000 0.010000 0.397033 0.312466 0.380164 0.397033 0.312466 0.380164
-13.603101 37.461282 6.890096 1.000000 0.600000 0.300000 0.010000 0.010000 0.010000 0.997512 0.134516 0.940453 0.997512 0.134516 0.940453
40.639896 7.772132 22.694397 1.000000 0.600000 0.300000 0.010000 0.010000 0.010000 0.863765 0.469052 0.586607 0.863765 0.469052 0.586607
-34.732122 31.761848 -10.374306 1.000000 0.600000 0.300000 0.010000 0.010000 0.010000 0.532786 0.245071 0.156206 0.532786 0.245071 0.156206
42.224952 7.142600 0.793255 1.000000 0.600000 0.300000 0.010000 0.010000 0.010000 0.642122 0.893523 0.583123 0.642122 0.893523 0.583123
-28.057716 21.201236 -18.115817 1.000000 0.600000 0.300000 0.010000 0.010000 0.010000 0.903010 0.546974 0.057991 0.903010 0.546974 0.057991
19.048418 18.964276 26.738654 1.000000 0.600000 0.300000 0.010000 0.010000 0.010000 0.472871 0.590191 0.236274 0.472871 0.590191 0.236274
8.759783 8.843178 8.978481 1.000000 0.600000 0.300000 0.010000 0.010000 0.010000 0.554987 0.255193 0.147058 0.554987 0.255193 0.147058
29.301954 39.859043 27.424462 1.000000 0.600000 0.300000 0.010000 0.010000 0.010000 0.505627 0.724181 0.679142 0.505627 0.724181 0.679142
-20.459623 3.968737 -3.852649 1.000000 0.600000 0.300000 0.010000 0.010000 0.010000 0.912199 0.333617 0.892621 0.912199 0.333617 0.892621
31.469030 32.833424 -5.967425 1.000000 0.600000 0.300000 0.010000 0.010000 0.010000 0.394354 0.746456 0.928225 0.394354 0.746456 0.928225
12.732471 25.511314 25.231792 1.000000 0.600000 0.300000 0.010000 0.010000 0.010000 0.772925 0.218957 0.169570 0.772925 0.218957 0.169570
-48.350206 3.695452 -5.311446 1.000000 0.600000 0.300000 0.010000 0.010000 0.010000 0.315397 0.832990 0.933925 0.315397 0.832990 0.933925
47.903409 1.208906 -0.569334 1.000000 0.600000 0.300000 0.010000 0.010000 0.010000 0.068519 0.491713 0.479975 0.068519 0.491713 0.479975
-33.779197 12.493260 7.621825 1.000000 0.600000 0.300000 0.010000 0.010000 0.010000 0.814136 0.310254 0.794451 0.814136 0.310254 0.794451
2.517349 9.412293 -0.048437 1.000000 0.600000 0.300000 0.010000 0.010000 0.010000 0.464842 0.708658 0.570632 0.464842 0.708658 0.570632
-31.816970 29.677812 11.167248 1.000000 0.600000 0.300000 0.010000 0.010000 0.010000 0.682020 0.106687 0.651403 0.682020 0.106687 0.651403
-23.768078 34.976379 -11.493610 1.000000 0.600000 0.300000 0.010000 0.010000 0.010000 0.429867 0.697407 0.815169 0.429867 0.697407 0.815169
20.743709 33.864800 1.144215 1.000000 0.600000 0.300000 0.010000 0.010000 0.010000 0.068082 0.842895 0.628150 0.068082 0.842895 0.628150
-18.877428 27.063469 -16.979523 1.000000 0.600000 0.300000 0.010000 0.010000 0.010000 0.234721 0.697853 0.425051 0.234721 0.697853 0.425051
-28.596422 36.020527 -23.165144 1.000000 0.600000 0.300000 0.010000 0.010000 0.010000 0.384777 0.418987 0.431760 0.384777 0.418987 0.431760
25.026658 9.447617 -16.095242 1.000000 0.600000 0.300000 0.010000 0.010000 0.010000 0.963492 0.619157 0.758411 0.963492 0.619157 0.758411
9.306995 39.555814 -23.294181 1.000000 0.600000 0.300000 0.010000 0.010000 0.010000 0.642449 0.208530 0.164617 0.642449 0.208530 0.164617
-0.015978 9.452714 -20.136370 1.000000 0.600000 0.300000 0.010000 0.010000 0.010000 0.738786 0.574558 0.949007 0.738786 0.574558 0.949007
25.952269 24.642410 3.760951 1.000000 0.600000 0.300000 0.010000 0.010000 0.010000 0.758470 0.686707 0.805418 0.758470 0.686707 0.805418
-28.581385 11.834901 -26.471907 1.000000 0.600000 0.300000 0.010000 0.010000 0.010000 0.654423 0.715366 0.061341 0.654423 0.715366 0.061341
-21.212431 25.521179 28.227282 1.000000 0.600000 0.300000 0.010000 0.010000 0.010000 0.254859 0.787546 0.486927 0.254859 0.787546 0.486927
33.195158 35.101408 -2.068349 1.000000 0.600000 0.300000 0.010000 0.010000 0.010000 0.491921 0.342601 0.604702 0.491921 0.342601 0.604702
48.909494 11.092561 17.447675 1.000000 0.600000 0.300000 0.010000 0.010000 0.010000 0.806805 0.366793 0.514102 0.806805 0.366793 0.514102
19.915588 15.976297 -14.052491 1.000000 0.600000 0.300000 0.010000 0.010000 0.010000 0.875323 0.906776 0.876904 0.875323 0.906776 0.876904
23.951178 3.267039 -13.712290 1.000000 0.600000 0.300000 0.010000 0.010000 0.010000 0.185992 0.347166 0.711506 0.185992 0.347166 0.711506
35.279823 38.625922 -4.840803 1.000000 0.600000 0.300000 0.010000 0.010000 0.010000 0.811775 0.213701 0.411159 0.811775 0.213701 0.411159
-15.044800 39.279485 -7.677365 1.000000 0.600000 0.300000 0.010000 0.010000 0.010000 0.179210 0.982693 0.334750 0.179210 0.982693 0.334750
-8.897300 23.112292 -15.291062 1.000000 0.600000 0.300000 0.010000 0.010000 0.010000 0.699621 0.332441 0.467796 0.699621 0.332441 0.467796
-37.865597 11.967190 -15.478935 1.000000 0.600000 0.300000 0.010000 0.010000 0.010000 0.741994 0.388979 0.683392 0.741994 0.388979 0.683392
-1.182319 24.470275 -28.397145 1.000000 0.600000 0.300000 0.010000 0.010000 0.010000 0.293494 0.201675 0.802152 0.293494 0.201675 0.802152
36.180117 12.958818 16.285428 1.000000 0.600000 0.300000 0.010000 0.010000 0.010000 0.447610 0.593835 0.513377 0.447610 0.593835 0.513377
23.889893 12.559110 -2.414689 1.000000 0.600000 0.300000 0.010000 0.010000 0.010000 0.231952 0.355246 0.401222 0.231952 0.355246 0.401222
42.506778 18.350607 4.892884 1.000000 0.600000 0.300000 0.010000 0.010000 0.010000 0.135590 0.458902 0.748711 0.135590 0.458902 0.748711
41.293708 36.356501 -6.917392 1.000000 0.600000 0.300000 0.010000 0.010000 0.010000 0.818099 0.271417 0.865706 0.818099 0.271417 0.865706
40.098366 28.214865 10.028609 1.000000 0.600000 0.300000 0.010000 0.010000 0.010000 0.513939 0.657642 0.967366 0.513939 0.657642 0.967366
-7.066771 10.876074 29.464638 1.000000 0.600000 0.300000 0.010000 0.010000 0.010000 0.279369 0.216783 0.063579 0.279369 0.216783 0.063579
-46.895799 36.735912 -20.673411 1.000000 0.600000 0.300000 0.010000 0.010000 0.010000 0.964142 0.532001 0.171584 0.964142 0.532001 0.171584
3.829240 22.291861 -19.247768 1.000000 0.600000 0.300000 0.010000 0.010000 0.010000 0.069857 0.222950 0.632108 0.069857 0.222950 0.632108
17.624444 4.206371 11.231917 1.000000 0.600000 0.300000 0.010000 0.010000 0.010000 0.666577 0.377247 0.781314 0.666577 0.377247 0.781314
-25.243239 22.454376 -3.189088 1.000000 0.600000 0.300000 0.010000 0.010000 0.010000 0.760171 0.216260 0.394204 0.760171 0.216260 0.394204
44.873296 16.309713 -11.426495 1.000000 0.600000 0.300000 0.010000 0.010000 0.010000 0.658589 0.252830 0.343396 0.658589 0.252830 0.343396
-22.607276 2.298145 -23.215235 1.000000 0.600000 0.300000 0.010000 0.010000 0.010000 0.688915 0.239625 0.777679 0.688915 0.239625 0.777679
-2.180954 14.662962 -12.819756 1.000000 0.600000 0.300000 0.010000 0.010000 0.010000 0.793894 0.201793 0.622162 0.793894 0.201793 0.622162
-15.982808 9.892676 -13.449019 1.000000 0.600000 0.300000 0.010000 0.010000 0.010000 0.454048 0.334780 0.954855 0.454048 0.334780 0.954855
5.066865 18.593185 17.905774 1.000000 0.600000 0.300000 0.010000 0.010000 0.010000 0.764054 0.851991 0.707063 0.764054 0.851991 0.707063
41.949767 35.780142 11.288143 1.000000 0.600000 0.300000 0.010000 0.010000 0.010000 0.542481 0.714370 0.324955 0.542481 0.714370 0.324955
10.439382 28.121691 -12.031107 1.000000 0.600000 0.300000 0.010000 0.010000 0.010000 0.118780 0.751946 0.923862 0.118780 0.751946 0.923862
-1.921703 6.129677 -15.743299 1.000000 0.600000 0.300000 0.010000 0.010000 0.010000 0.781132 0.807146 0.956907 0.781132 0.807146 0.956907
-0.574530 29.080222 22.281151 1.000000 0.600000 0.300000 0.010000 0.010000 0.010000 0.155075 0.787490 0.386794 0.155075 0.787490 0.386794
-44.646251 27.657586 7.894824 1.000000 0.600000 0.300000 0.010000 0.010000 0.010000 0.602640 0.360551 0.833967 0.602640 0.360551 0.833967
6.690505 11.377863 7.443463 1.000000 0.600000 0.300000 0.010000 0.010000 0.010000 0.053376 0.297200 0.094579 0.053376 0.297200 0.094579
3.325247 12.056528 22.056436 1.000000 0.600000 0.300000 0.010000 0.010000 0.010000 0.848808 0.147569 0.765911 0.848808 0.147569 0.765911
45.868456 18.714098 11.834646 1.000000 0.600000 0.300000 0.010000 0.010000 0.010000 0.234639 0.461438 0.731705 0.234639 0.461438 0.731705
19.106797 22.194233 19.481153 1.000000 0.600000 0.300000 0.010000 0.010000 0.010000 0.450566 0.742564 0.467405 0.450566 0.742564 0.467405
8.324517 10.573798 -8.189967 1.000000 0.600000 0.300000 0.010000 0.010000 0.010000 0.502357 0.083337 0.582504 0.502357 0.083337 0.582504
17.408434 8.250119 -21.550468 1.000000 0.600000 0.300000 0.010000 0.010000 0.010000 0.240840 0.613496 0.602935 0.240840 0.613496 0.602935
-36.876538 37.734758 -26.494876 1.000000 0.600000 0.300000 0.010000 0.010000 0.010000 0.105929 0.718807 0.227762 0.105929 0.718807 0.227762
-19.642808 27.981938 11.633328 1.000000 0.600000 0.300000 0.010000 0.010000 0.010000 0.089004 0.135575 0.050591 0.089004 0.135575 0.050591
40.966731 14.199365 14.802637 1.000000 0.600000 0.300000 0.010000 0.010000 0.010000 0.958016 0.686808 0.051116 0.958016 0.686808 0.051116
16.304708 26.859267 -25.698007 1.000000 0.600000 0.300000 0.010000 0.010000 0.010000 0.386961 0.517412 0.558829 0.386961 0.517412 0.558829
20.886024 38.263611 -22.953047 1.000000 0.600000 0.300000 0.010000 0.010000 0.010000 0.341336 0.896337 0.977420 0.341336 0.896337 0.977420
-12.858126 38.374380 -3.582506 1.000000 0.600000 0.300000 0.010000 0.010000 0.010000 0.094234 0.911153 0.107933 0.094234 0.911153 0.107933
-7.299192 11.934593 13.384888 1.000000 0.600000 0.300000 0.010000 0.010000 0.010000 0.810758 0.842051 0.857694 0.810758 0.842051 0.857694
35.735039 18.135872 -22.774620 1.000000 0.600000 0.300000 0.010000 0.010000 0.010000 0.143992 0.534752 0.070908 0.143992 0.534752 0.070908
-2.317068 29.419534 -14.883980 1.000000 0.600000 0.300000 0.010000 0.010000 0.010000 0.422315 0.052357 0.101612 0.422315 0.052357 0.101612
5.998986 18.846340 19.766326 1.000000 0.600000 0.300000 0.010000 0.010000 0.010000 0.924802 0.671683 0.171826 0.924802 0.671683 0.171826
-45.993368 31.997368 -27.849966 1.000000 0.600000 0.300000 0.010000 0.010000 0.010000 0.365653 0.621060 0.926935 0.365653 0.621060 0.926935
-12.776349 39.726679 18.226599 1.000000 0.600000 0.300000 0.010000 0.010000 0.010000 0.456729 0.052677 0.760984 0.456729 0.052677 0.760984
-11.039273 35.429229 -10.597084 1.000000 0.600000 0.300000 0.010000 0.010000 0.010000 0.127792 0.110915 0.710255 0.127792 0.110915 0.710255
-43.300698 6.109983 -13.668935 1.000000 0.600000 0.300000 0.010000 0.010000 0.010000 0.530562 0.629635 0.891127 0.530562 0.629635 0.891127
